root = 1.9999414062499996
root = 3.00004541015625
